DISTORTION MODEL
distortion center = (536.98898027514963 363.67220412756768)
Number of distortion parameters = 3
value of distortion parameter 0  = 1
value of distortion parameter 1  = 8.5911423915648907e-007
value of distortion parameter 2  = 8.6488819489548651e-012

NUMBER OF LINES = 47 

line 0 
line parameters = 0.010835495505756609 -0.99994129429539258 367.78498707016553
line points : 
344
2 362
3 362
8 362
10 362
12 363
17 363
20 363
23 363
24 363
27 363
32 363
33 363
38 363
40 364
43 364
45 364
50 364
53 364
55 364
59 364
60 364
65 364
66 364
71 365
72 365
75 365
80 365
81 365
86 365
89 365
90 365
94 365
98 365
99 365
101 366
104 366
106 366
108 366
111 366
116 366
118 366
120 366
125 366
126 366
130 366
132 367
137 367
138 367
143 367
146 367
148 367
152 367
153 367
157 367
161 367
163 367
165 367
169 368
172 368
174 368
178 368
181 368
184 368
188 368
191 368
192 368
197 368
198 368
202 368
203 369
204 369
209 369
212 369
214 369
217 369
219 369
224 369
225 369
229 369
232 369
234 369
237 369
242 369
243 369
248 370
251 370
252 370
256 370
260 370
261 370
266 370
267 370
272 370
273 370
276 370
281 370
282 370
287 370
288 370
292 371
294 371
298 371
302 371
303 371
308 371
311 371
312 371
315 371
319 371
321 371
326 371
328 371
330 371
331 372
333 372
336 372
341 372
342 372
347 372
348 372
351 372
356 372
357 372
360 372
365 372
366 372
370 372
372 372
377 372
380 372
381 372
384 372
389 372
392 373
394 373
396 373
400 373
403 373
405 373
410 373
411 373
416 373
417 373
422 373
424 373
427 373
429 373
434 373
435 373
439 373
441 373
446 373
447 373
452 373
453 373
456 373
461 373
464 373
465 373
470 373
473 373
475 373
477 373
481 373
483 373
487 373
490 373
492 373
497 373
498 373
503 374
504 374
509 374
512 374
513 374
518 374
519 374
524 374
525 374
530 374
531 374
536 374
537 374
542 374
544 374
548 374
549 374
554 374
555 374
559 374
563 374
565 374
567 374
571 374
575 374
577 374
579 374
583 374
587 374
588 374
591 374
990 374
1040 374
593 375
596 375
598 375
600 375
605 375
606 375
611 375
612 375
616 375
620 375
623 375
626 375
628 375
630 375
634 375
638 375
639 375
644 375
645 375
649 375
651 375
655 375
659 375
660 375
663 375
666 375
671 375
673 375
675 375
680 375
681 375
684 375
687 375
692 375
695 375
698 375
699 375
704 375
706 375
710 375
711 375
716 375
718 375
722 375
723 375
726 375
729 375
734 375
737 375
740 375
742 375
746 375
748 375
750 375
782 375
784 375
787 375
789 375
792 375
796 375
799 375
801 375
804 375
807 375
812 375
815 375
817 375
820 375
822 375
827 375
828 375
831 375
835 375
839 375
840 375
845 375
848 375
850 375
852 375
857 375
859 375
862 375
864 375
869 375
870 375
875 375
877 375
879 375
884 375
885 375
889 375
891 375
894 375
899 375
900 375
905 375
906 375
910 375
914 375
915 375
920 375
923 375
924 375
929 375
930 375
934 375
938 375
940 375
943 375
945 375
948 375
953 375
956 375
959 375
962 375
963 375
966 375
971 375
972 375
977 375
978 375
981 375
986 375
988 375
993 375
996 375
999 375
1002 375
1008 375
1034 375
1036 375
1038 375
754 376
756 376
761 376
762 376
765 376
770 376
771 376
776 376
778 376

line 1 
line parameters = -0.0104868795232353 0.9999450111670467 -378.20575535373757
line points : 
341
2 367
5 368
6 368
11 368
13 368
16 368
18 368
22 369
25 369
29 369
30 369
35 369
38 369
39 370
42 370
47 370
49 370
52 370
54 370
58 370
62 371
64 371
68 371
70 371
72 371
76 371
78 371
80 372
82 372
84 372
87 372
91 372
95 372
96 372
100 373
103 373
105 373
110 373
111 373
114 373
119 374
121 374
124 374
126 374
129 374
134 374
135 374
139 374
141 375
146 375
147 375
150 375
154 375
158 375
160 375
163 375
166 376
170 376
172 376
174 376
179 376
180 376
183 376
188 376
191 376
193 377
197 377
200 377
201 377
204 377
209 377
212 377
214 377
216 377
217 378
219 378
222 378
230 378
233 378
236 378
237 378
242 378
243 378
248 379
249 379
252 379
255 379
259 379
261 379
265 379
269 379
271 379
273 379
276 379
1030 379
281 380
284 380
287 380
288 380
293 380
295 380
297 380
302 380
305 380
306 380
311 380
312 380
1015 380
1018 380
1020 380
1025 380
1026 380
313 381
317 381
319 381
323 381
326 381
327 381
332 381
334 381
336 381
341 381
342 381
346 381
349 381
981 381
985 381
989 381
990 381
995 381
996 381
999 381
1004 381
1005 381
1008 381
1011 381
1014 381
353 382
354 382
359 382
360 382
365 382
366 382
370 382
372 382
375 382
380 382
382 382
385 382
388 382
391 382
393 382
398 382
399 382
941 382
943 382
945 382
948 382
953 382
956 382
957 382
962 382
965 382
966 382
970 382
973 382
975 382
980 382
404 383
407 383
409 383
411 383
416 383
417 383
422 383
423 383
428 383
431 383
432 383
435 383
439 383
441 383
446 383
449 383
451 383
875 383
876 383
879 383
884 383
885 383
889 383
891 383
896 383
897 383
902 383
903 383
908 383
909 383
914 383
917 383
920 383
922 383
926 383
928 383
930 383
933 383
938 383
453 384
457 384
461 384
462 384
465 384
470 384
473 384
474 384
477 384
480 384
494 384
497 384
500 384
503 384
504 384
509 384
510 384
514 384
518 384
520 384
523 384
526 384
529 384
785 384
791 384
792 384
797 384
798 384
803 384
804 384
807 384
812 384
813 384
818 384
820 384
822 384
826 384
828 384
833 384
835 384
839 384
840 384
844 384
846 384
850 384
854 384
856 384
860 384
861 384
864 384
869 384
871 384
873 384
533 385
534 385
537 385
542 385
545 385
546 385
549 385
553 385
555 385
559 385
563 385
565 385
567 385
572 385
575 385
577 385
580 385
584 385
585 385
589 385
592 385
594 385
597 385
600 385
603 385
608 385
611 385
614 385
615 385
618 385
623 385
626 385
627 385
631 385
634 385
638 385
641 385
643 385
645 385
650 385
653 385
655 385
659 385
660 385
663 385
668 385
669 385
674 385
675 385
680 385
682 385
695 385
698 385
699 385
703 385
707 385
709 385
711 385
715 385
719 385
721 385
723 385
726 385
729 385
732 385
737 385
740 385
743 385
745 385
749 385
751 385
754 385
757 385
759 385
764 385
776 385
777 385
780 385
787 385
685 386
688 387

line 2 
line parameters = -0.0088259345334957655 0.99996105068128049 -205.01985807988558
line points : 
329
470 212
472 212
474 212
479 212
482 212
538 212
542 212
544 212
548 212
551 212
554 212
555 212
453 213
458 213
459 213
462 213
467 213
468 213
487 213
491 213
493 213
497 213
499 213
503 213
504 213
507 213
512 213
515 213
516 213
521 213
523 213
525 213
528 213
533 213
556 213
560 213
563 213
565 213
567 213
571 213
423 214
426 214
433 214
436 214
438 214
443 214
446 214
447 214
451 214
575 214
576 214
581 214
582 214
587 214
590 214
591 214
594 214
599 214
602 214
603 214
608 214
609 214
612 214
615 214
410 215
413 215
415 215
417 215
421 215
431 215
620 215
622 215
626 215
629 215
630 215
398 216
399 216
402 216
405 216
632 216
635 216
637 216
641 216
642 216
646 216
650 216
653 216
654 216
373 217
377 217
379 217
383 217
385 217
389 217
392 217
393 217
658 217
660 217
668 217
670 217
673 217
353 218
354 218
358 218
362 218
364 218
366 218
369 218
675 218
348 219
352 219
683 219
686 219
342 220
689 220
690 220
695 220
696 220
701 220
332 221
333 221
338 221
339 221
704 221
706 221
708 221
711 221
322 222
325 222
329 222
331 222
713 222
716 222
718 222
720 222
731 222
313 223
317 223
319 223
734 223
735 223
295 224
299 224
300 224
306 224
311 224
740 224
742 224
744 224
747 224
289 225
291 225
294 225
749 225
751 225
284 226
287 226
754 226
756 226
275 227
278 227
279 227
761 227
764 227
765 227
770 227
771 227
265 228
267 228
271 228
273 228
773 228
776 228
777 228
258 229
263 229
781 229
783 229
251 230
254 230
256 230
788 230
789 230
792 230
244 231
248 231
249 231
794 231
797 231
799 231
239 232
241 232
802 232
805 232
809 232
811 232
230 233
232 233
234 233
814 233
816 233
224 234
226 234
229 234
824 234
213 235
218 235
219 235
827 235
829 235
209 236
212 236
833 236
201 238
839 238
842 238
195 239
199 239
844 239
846 239
849 239
190 240
192 240
851 240
854 240
855 240
185 241
188 241
859 241
175 242
179 242
180 242
863 242
864 242
869 242
871 242
171 243
872 243
875 243
164 244
166 244
168 244
877 244
160 245
880 245
884 245
158 246
886 246
150 247
153 247
889 247
892 247
145 248
148 248
896 248
897 248
140 249
141 249
902 249
134 250
135 250
905 250
908 250
909 250
131 251
914 251
915 251
125 252
126 252
916 252
918 252
120 253
922 253
118 254
111 256
106 257
109 257
104 258
105 258
941 258
96 259
100 259
944 259
92 260
93 260
947 260
948 260
89 261
90 261
952 261
954 261
86 262
959 262
80 263
81 263
961 263
964 263
77 264
78 264
965 264
966 264
73 265
971 265
972 265
68 266
69 266
976 266
977 267
978 267
983 268
52 271
54 271
49 272
39 274
42 274
37 275
1004 275
1005 275
34 276
1006 276
30 277
1010 277
1011 277
26 278
1016 278
1017 278
1019 279
1021 279
1025 280

line 3 
line parameters = -0.0087648465672983539 0.99996158799458468 -194.43697854908177
line points : 
345
491 203
510 203
515 203
517 203
519 203
530 203
532 203
535 203
537 203
542 203
543 203
547 203
549 203
553 203
557 203
559 203
562 203
564 203
568 203
572 203
573 203
576 203
579 203
444 204
448 204
450 204
453 204
456 204
460 204
464 204
466 204
468 204
473 204
476 204
478 204
480 204
494 204
497 204
500 204
501 204
506 204
508 204
581 204
582 204
587 204
589 204
591 204
597 204
601 204
603 204
420 205
425 205
428 205
429 205
595 205
608 205
611 205
612 205
616 205
620 205
621 205
624 205
629 205
401 206
402 206
407 206
410 206
413 206
416 206
417 206
632 206
633 206
637 206
639 206
392 207
395 207
396 207
399 207
650 207
653 207
654 207
374 208
375 208
380 208
382 208
384 208
388 208
659 208
660 208
663 208
668 208
671 208
673 208
359 209
360 209
365 209
366 209
370 209
677 209
678 209
681 209
686 209
687 209
353 210
355 210
357 210
689 210
692 210
695 210
696 210
344 211
345 211
349 211
699 211
704 211
707 211
335 212
338 212
339 212
710 212
711 212
716 212
323 213
326 213
327 213
717 213
722 213
725 213
728 213
312 214
315 214
318 214
730 214
733 214
735 214
302 215
303 215
308 215
310 215
740 215
742 215
296 216
297 216
301 216
753 216
287 217
290 217
291 217
758 217
759 217
277 218
281 218
282 218
764 218
765 218
768 218
272 219
275 219
276 219
770 219
772 219
776 219
777 219
262 220
266 220
267 220
782 220
783 220
255 221
260 221
788 221
789 221
251 222
252 222
791 222
793 222
795 222
798 222
242 223
245 223
246 223
802 223
806 223
235 224
237 224
808 224
811 224
233 225
234 225
812 225
814 225
816 225
223 226
225 226
229 226
821 226
822 226
825 226
217 227
220 227
831 227
210 228
214 228
216 228
833 228
834 228
209 229
839 229
200 230
202 230
205 230
845 230
846 230
849 230
197 231
199 231
850 231
189 232
857 232
859 232
185 233
186 233
861 233
864 233
179 234
181 234
183 234
866 234
868 234
173 235
174 235
871 235
873 235
168 236
878 236
879 236
883 236
167 237
884 237
160 238
163 238
154 239
157 239
892 239
152 240
153 240
894 240
146 241
147 241
898 241
902 241
903 241
139 242
142 242
906 242
136 243
138 243
911 243
134 244
913 244
915 244
126 245
129 245
919 245
921 245
125 246
923 246
924 246
120 247
927 247
116 248
117 248
932 248
933 248
111 249
934 249
936 249
106 250
108 250
939 250
101 251
103 251
942 251
945 251
97 252
99 252
947 252
95 253
950 253
91 254
953 254
955 254
88 255
956 255
958 255
960 255
84 256
964 256
80 257
82 257
966 257
75 258
78 258
968 258
970 258
73 259
974 259
68 260
71 260
975 260
978 260
64 261
67 261
980 261
981 261
62 262
984 262
59 263
989 263
54 264
989 264
990 264
51 265
46 266
48 266
995 266
997 266
44 267
46 267
998 267
1001 267
1002 268
38 269
39 269
1005 269
1010 270
1012 271
1017 272
1019 273
1023 274
1027 275
749 216
1014 272
1021 274
1037 280

line 4 
line parameters = -0.012500718900967961 0.99992186296078112 -716.05294365360101
line points : 
325
107 574
109 575
115 578
117 579
122 581
123 581
123 582
126 583
129 584
131 585
134 586
136 587
136 588
138 589
142 590
948 590
143 591
144 591
946 591
943 592
149 593
149 594
150 594
939 594
153 595
156 596
934 596
158 597
930 597
160 598
929 598
163 599
926 599
164 600
165 600
924 600
922 601
170 602
171 602
919 602
173 603
917 603
918 603
176 605
178 605
913 605
179 606
911 606
182 607
908 607
184 608
186 608
905 608
188 609
903 609
189 610
899 610
900 610
192 611
896 611
895 612
197 613
199 613
891 613
201 614
888 614
203 615
204 615
887 615
883 616
209 617
211 617
881 617
212 618
213 618
879 618
216 619
874 619
876 619
219 620
872 620
221 621
869 621
871 621
224 622
866 622
227 623
228 623
863 623
229 624
861 624
233 625
234 625
858 625
237 626
854 626
856 626
239 627
240 627
853 627
848 628
850 628
245 629
246 629
844 629
248 630
251 630
842 630
843 630
252 631
255 632
258 632
836 632
837 632
260 633
261 633
831 633
834 633
830 634
266 635
267 635
824 635
827 635
269 636
271 636
823 636
273 637
276 637
818 637
819 637
279 638
813 638
281 639
812 639
284 640
286 640
806 640
807 640
288 641
291 641
802 641
292 642
294 642
798 642
801 642
299 643
797 643
301 644
304 644
790 644
792 644
305 645
307 645
788 645
309 646
312 646
782 646
783 646
316 647
778 647
318 648
321 648
773 648
776 648
324 649
770 649
329 650
331 650
764 650
765 650
332 651
335 651
758 651
760 651
762 651
336 652
341 652
753 652
343 653
345 653
749 653
750 653
347 654
349 654
744 654
747 654
353 655
356 655
737 655
738 655
741 655
358 656
361 656
732 656
365 657
366 657
727 657
731 657
371 658
373 658
722 658
723 658
376 659
378 659
714 659
719 659
381 660
386 660
707 660
710 660
712 660
387 661
392 661
393 661
701 661
704 661
396 662
400 662
694 662
697 662
401 663
402 663
406 663
686 663
688 663
690 663
409 664
413 664
414 664
679 664
681 664
418 665
420 665
424 665
670 665
674 665
675 665
426 666
431 666
432 666
662 666
665 666
666 666
437 667
438 667
441 667
650 667
651 667
656 667
657 667
446 668
449 668
450 668
453 668
640 668
644 668
645 668
455 669
456 669
461 669
463 669
628 669
630 669
633 669
638 669
639 669
467 670
470 670
472 670
474 670
479 670
480 670
614 670
616 670
618 670
623 670
624 670
483 671
486 671
489 671
494 671
496 671
499 671
592 671
596 671
599 671
600 671
604 671
607 671
609 671
502 672
504 672
509 672
510 672
514 672
517 672
521 672
523 672
525 672
528 672
532 672
534 672
539 672
557 672
558 672
563 672
566 672
567 672
570 672
575 672
577 672
581 672
582 672
586 672
589 672
591 672
542 673
545 673
546 673
550 673
554 673
98 569
111 575
113 576
117 578

line 5 
line parameters = -0.013837829891079387 0.99990425264817506 -702.55569666023916
line points : 
290
113 571
120 574
124 576
126 577
139 582
143 584
144 584
146 585
945 585
148 586
942 586
150 587
938 587
939 587
152 588
938 588
153 589
933 589
157 590
932 590
158 591
159 591
929 591
931 591
162 592
165 593
925 593
166 594
923 594
924 594
168 595
920 595
180 599
182 600
907 600
909 600
185 601
188 602
902 602
904 602
190 603
900 603
194 604
898 604
195 605
896 605
197 606
893 606
200 607
890 607
203 608
205 608
886 608
206 609
207 609
884 609
885 609
210 610
881 610
213 611
878 611
214 612
216 612
877 612
864 616
230 617
232 617
860 617
861 617
233 618
234 618
857 618
859 618
238 619
240 620
850 620
852 620
245 621
848 621
849 621
247 622
844 622
249 623
842 623
254 624
837 624
840 624
257 625
258 625
835 625
262 626
830 626
832 626
263 627
265 627
827 627
828 627
268 628
824 628
270 629
273 629
274 630
808 632
812 632
288 633
805 633
807 633
293 634
801 634
294 635
297 635
796 635
799 635
298 636
301 636
792 636
795 636
305 637
788 637
791 637
307 638
309 638
784 638
311 639
313 639
780 639
783 639
315 640
318 640
776 640
777 640
323 641
770 641
771 641
325 642
327 642
767 642
769 642
332 643
333 643
761 643
764 643
338 644
339 645
342 645
748 646
740 647
741 647
744 647
356 648
357 648
734 648
737 648
739 648
362 649
363 649
729 649
368 650
369 650
722 650
724 650
727 650
374 651
375 651
378 651
717 651
721 651
383 652
384 652
710 652
711 652
714 652
387 653
390 653
703 653
705 653
392 654
395 654
397 654
696 654
699 654
702 654
399 655
404 655
405 655
689 655
691 655
694 655
408 656
413 656
686 656
416 657
417 657
420 657
665 658
667 658
669 658
672 658
435 659
440 659
441 659
654 659
657 659
662 659
442 660
446 660
447 660
450 660
647 660
650 660
652 660
454 661
456 661
461 661
464 661
466 661
632 661
635 661
638 661
639 661
642 661
470 662
471 662
476 662
479 662
617 662
620 662
622 662
626 662
627 662
480 663
485 663
486 663
490 663
492 663
495 663
605 663
608 663
611 663
614 663
615 663
500 664
501 664
504 664
521 664
569 664
571 664
575 664
576 664
580 664
584 664
586 664
588 664
592 664
523 665
527 665
529 665
531 665
535 665
537 665
542 665
545 665
546 665
550 665
552 665
557 665
560 665
561 665
565 665
88 558
93 561
96 562
107 567
109 568
111 569
114 571
117 572
119 573
124 575
958 585
956 586
952 588
946 590
939 593
937 594
932 596
964 582
960 583
958 584
952 587

line 6 
line parameters = -0.0080251740043786046 0.99996779777260791 -284.76058806673234
line points : 
245
425 291
426 291
429 291
449 291
452 291
456 291
554 291
556 291
560 291
561 291
566 291
567 291
570 291
574 291
577 291
385 292
388 292
391 292
394 292
409 292
411 292
414 292
417 292
581 292
592 292
595 292
598 292
601 292
604 292
607 292
610 292
613 292
616 292
619 292
371 293
374 293
377 293
380 293
382 293
629 293
631 293
634 293
637 293
640 293
643 293
646 293
649 293
652 294
287 296
289 296
292 296
294 296
269 297
272 297
275 297
283 297
285 297
256 298
258 298
263 298
265 298
736 298
739 298
742 298
744 298
747 298
242 299
244 299
248 299
249 299
752 299
753 299
762 299
232 300
236 300
238 300
766 300
769 300
771 300
776 300
778 300
780 301
794 302
796 302
799 302
801 302
805 302
806 303
807 303
810 303
171 304
157 305
160 305
162 305
166 305
169 305
147 306
152 306
155 306
140 307
141 307
146 307
137 308
873 308
878 308
879 308
881 309
883 309
887 309
889 309
892 310
895 310
897 310
901 311
904 311
906 311
90 312
95 312
96 312
908 312
910 312
913 312
86 313
87 313
76 314
80 314
81 314
41 318
43 318
960 318
34 319
36 319
965 319
967 319
969 319
974 320
977 320
978 320
980 321
8 323
9 323
1013 324
1016 325
1018 325
1020 325
1024 326
1049 329
1051 329
1053 329
1064 330
1065 330
468 279
476 284
479 284
482 284
484 284
486 284
491 284
494 284
496 284
498 284
501 284
509 284
510 284
518 284
521 284
522 284
525 284
529 284
532 284
535 284
539 284
541 284
543 284
536 285
537 285
544 285
671 288
677 288
678 288
681 288
688 289
691 289
693 289
701 289
702 289
707 289
710 290
711 290
716 290
717 290
722 290
724 290
726 290
727 291
729 291
827 298
829 298
836 299
837 299
840 299
843 299
847 300
850 300
858 301
504 284
338 287
340 287
342 287
346 287
350 287
351 287
354 287
329 288
335 288
337 288
672 288
305 289
306 289
311 289
312 289
698 289
203 296
204 296
207 296
191 297
192 297
202 297
182 298
183 298
187 298
854 300
855 300
862 301
864 301
932 309
935 310
936 310
950 312
951 312
1019 319
1020 319
1051 325
1061 325
1056 326

line 7 
line parameters = -0.013707865464089457 0.99990604279823136 -133.36466276148593
line points : 
197
493 152
518 152
520 152
523 152
526 152
528 152
457 153
459 153
470 153
472 153
474 153
479 153
497 153
498 153
501 153
545 153
551 153
552 153
555 153
566 153
452 154
453 154
569 154
570 154
587 154
588 154
591 154
594 154
597 154
407 155
410 155
411 155
432 155
436 155
404 156
428 156
429 156
611 156
614 156
615 156
618 156
630 156
391 158
655 158
386 159
389 159
390 159
656 159
657 159
660 159
666 159
366 160
371 160
365 161
680 161
683 161
684 161
686 162
344 163
346 163
348 163
698 163
700 163
702 163
705 163
323 165
324 165
329 165
331 165
333 165
717 165
313 167
733 167
740 167
296 168
300 168
304 168
306 168
290 170
276 172
280 172
275 173
258 174
263 174
764 174
766 174
768 174
255 175
783 175
786 175
248 176
791 176
242 177
245 177
798 178
802 179
804 179
224 180
805 180
807 180
215 184
211 185
205 186
208 186
203 187
837 187
841 188
844 188
195 189
851 189
852 189
189 190
188 191
180 192
183 192
860 192
861 192
177 193
176 194
871 194
169 195
171 195
875 195
876 195
167 196
879 196
164 197
882 197
160 198
883 198
155 199
157 199
887 199
152 200
889 200
893 200
150 201
145 202
147 202
897 202
139 203
141 203
900 203
137 204
902 204
903 204
134 205
908 205
130 206
911 206
912 206
126 207
129 207
914 207
915 207
125 208
918 208
921 209
923 210
116 211
926 211
113 212
927 212
111 213
932 213
110 214
935 214
103 215
105 215
937 215
939 215
101 216
103 216
940 216
942 216
96 217
94 218
948 218
91 219
949 219
89 220
85 221
83 222
84 222
955 222
957 222
79 223
960 223
76 224
964 224
74 225
71 226
968 226
971 227
972 227
973 228
54 232

line 8 
line parameters = 0.012311581849592169 -0.99992420960408834 147.33324875427496
line points : 
208
457 163
466 163
469 163
472 163
517 163
519 163
527 163
443 164
445 164
447 164
450 164
454 164
477 164
536 164
539 164
545 164
546 164
563 164
566 164
567 164
572 164
573 164
586 164
605 164
606 164
609 164
437 165
439 165
441 165
494 165
495 165
498 165
501 165
547 165
549 165
581 165
583 165
585 165
590 165
591 165
611 165
614 165
615 165
618 165
422 166
425 166
426 166
623 166
626 166
627 166
630 166
404 167
412 167
416 167
417 167
387 168
391 168
401 168
403 168
371 169
373 169
376 169
378 169
383 169
384 169
361 170
363 170
354 172
325 175
329 175
330 175
320 176
323 176
305 179
308 179
279 180
269 182
271 182
263 183
264 183
268 183
260 184
251 185
249 186
239 187
240 187
243 187
234 188
800 188
801 188
232 189
803 189
806 189
808 190
810 190
815 191
816 191
818 192
819 192
824 193
825 193
831 194
833 195
835 195
839 196
840 196
845 197
846 197
189 198
187 199
179 200
181 200
183 200
175 201
178 201
173 202
860 202
169 203
863 203
164 204
167 204
864 204
871 204
873 205
157 206
160 206
155 207
156 207
150 208
887 209
145 210
148 210
143 211
896 211
897 211
138 212
902 212
903 212
134 213
135 213
908 213
909 213
913 214
131 215
124 216
126 216
919 216
119 217
120 217
921 217
114 218
924 218
113 219
114 219
924 219
110 220
929 220
932 221
933 221
107 222
933 222
103 223
98 224
99 224
944 224
945 224
95 225
86 227
951 227
84 228
953 228
82 229
956 229
957 229
80 230
963 231
71 232
68 234
69 234
63 235
59 237
53 239
507 167
509 168
548 168
551 168
552 168
559 169
561 169
651 173
661 174
707 178
709 178
309 182
312 182
302 183
305 183
307 183
263 190
267 190
985 233
997 237
1029 250
35 246
36 246
29 248
31 248
27 249

line 9 
line parameters = 0.0093618695197143983 -0.99995617673930881 272.94332401249687
line points : 
94
491 277
492 277
497 277
498 277
501 277
504 277
509 277
510 277
515 277
517 277
521 277
522 277
527 277
528 277
533 277
340 280
342 280
346 280
486 280
543 280
322 281
326 281
327 281
332 281
335 281
337 281
476 281
479 281
482 281
483 281
509 281
510 281
513 281
517 281
519 281
539 281
541 281
681 281
685 281
689 281
311 282
314 282
316 282
320 282
691 282
695 282
698 282
699 282
704 282
705 282
708 282
350 283
353 283
354 283
713 283
714 283
719 283
671 284
673 284
675 284
198 290
203 290
204 290
188 291
191 291
192 291
196 291
834 292
839 292
842 293
845 293
848 293
849 293
827 294
828 294
853 294
855 294
858 294
115 299
107 300
110 300
112 300
114 300
935 304
938 304
940 304
942 305
945 305
56 308
57 308
1000 314
1002 314
1003 315
730 287

line 10 
line parameters = 0.012018104910996797 -0.9999277799693076 468.96148361540901
line points : 
150
63 425
64 426
66 426
92 432
95 432
96 433
1020 433
100 434
1016 434
1019 434
990 438
989 439
134 440
136 440
986 440
137 441
138 441
141 441
985 441
982 442
961 444
955 445
957 445
953 446
181 448
183 448
188 449
189 449
192 449
193 450
197 450
198 450
917 451
918 451
912 452
908 453
911 453
905 454
247 457
250 457
254 458
255 458
260 458
261 458
263 459
265 459
267 459
861 459
270 460
273 460
853 460
855 460
858 460
844 461
846 461
851 461
839 462
842 462
332 466
335 466
338 466
341 467
343 467
345 467
349 467
352 467
779 467
782 467
785 467
786 467
789 467
353 468
354 468
359 468
360 468
363 468
767 468
769 468
771 468
775 468
777 468
440 469
443 469
761 469
764 469
451 470
454 470
456 470
461 470
462 470
465 470
676 470
554 472
557 472
558 472
563 472
564 472
578 472
579 472
582 472
433 473
437 473
440 473
442 473
444 473
447 473
567 473
673 473
676 473
680 473
681 473
686 473
688 473
690 473
693 473
696 473
449 474
452 474
453 474
458 474
460 474
462 474
467 474
468 474
471 474
659 474
662 474
665 474
666 474
670 474
672 474
548 476
551 476
553 476
555 476
558 476
561 476
564 476
569 476
571 476
575 476
578 476
579 476
584 476
585 476
589 476
1044 436
1033 437
1035 437
1040 437

line 11 
line parameters = -0.010475813551136512 0.99994512715970651 -402.22102221489354
line points : 
120
30 381
53 384
55 384
83 387
86 387
87 388
122 391
125 391
128 391
129 391
132 392
170 394
173 394
176 395
177 395
181 395
185 395
186 395
189 395
1001 395
1002 395
962 398
963 398
966 398
969 398
972 398
236 399
239 399
240 399
245 399
246 399
250 399
252 400
256 400
258 400
263 400
930 400
917 401
919 401
923 401
924 401
927 401
323 403
326 403
329 403
331 403
870 403
873 403
335 404
336 404
339 404
344 404
346 404
349 404
351 404
354 404
853 404
857 404
860 404
861 404
864 404
869 404
357 405
782 406
783 406
788 406
789 406
792 406
795 406
798 406
428 407
431 407
434 407
436 407
438 407
443 407
446 407
447 407
450 407
770 407
773 407
776 407
778 407
451 408
453 408
456 408
460 408
464 408
466 408
468 408
471 408
691 408
693 408
696 408
701 408
702 408
707 408
551 409
554 409
556 409
558 409
562 409
566 409
569 409
571 409
574 409
576 409
580 409
583 409
587 409
588 409
591 409
668 409
671 409
674 409
675 409
680 409
681 409
685 409
689 409

line 12 
line parameters = 0.01230213908667595 -0.99992432582365554 609.03848353686362
line points : 
116
68 504
71 505
95 515
98 517
100 517
126 527
128 528
131 529
132 529
957 531
954 532
951 533
951 534
168 542
173 543
176 544
921 544
178 545
180 545
916 545
918 545
182 546
915 546
912 547
222 557
877 557
224 558
873 558
876 558
227 559
229 559
869 559
871 559
233 560
234 560
865 560
236 561
864 561
861 562
284 572
287 572
815 572
816 572
819 572
290 573
291 573
812 573
813 573
294 574
808 574
299 575
300 575
800 575
803 575
804 575
302 576
303 576
799 576
747 584
750 584
362 585
740 585
742 585
744 585
365 586
367 586
369 586
735 586
374 587
376 587
378 587
728 587
731 587
732 587
380 588
382 588
384 588
726 588
387 589
657 594
662 594
663 594
666 594
669 594
449 595
452 595
453 595
457 595
644 595
646 595
648 595
653 595
656 595
459 596
463 596
465 596
470 596
471 596
474 596
477 596
637 596
641 596
478 597
480 597
545 599
547 599
551 599
553 599
555 599
559 599
561 599
566 599
567 599
572 599
573 599
576 599

line 13 
line parameters = 0.011728432906696349 -0.99993121956540243 513.54360784146752
line points : 
120
71 453
74 454
77 455
1024 461
104 462
1020 462
106 463
110 464
112 464
984 467
981 468
978 469
976 470
143 472
146 473
148 473
150 474
155 475
948 476
943 477
945 477
941 478
938 479
194 483
197 484
198 484
203 485
205 485
208 486
210 486
903 486
899 487
900 487
893 488
894 488
890 489
891 489
257 494
260 495
262 495
264 495
267 496
272 496
846 496
275 497
276 497
279 497
839 497
841 497
843 497
280 498
282 498
836 498
837 498
830 499
831 499
341 506
344 506
347 506
348 506
766 506
768 506
771 506
350 507
353 507
354 507
760 507
764 507
765 507
358 508
361 508
365 508
749 508
752 508
753 508
756 508
367 509
369 509
373 509
684 513
688 513
440 514
443 514
446 514
671 514
672 514
675 514
680 514
681 514
447 515
450 515
455 515
458 515
461 515
462 515
466 515
653 515
656 515
659 515
662 515
663 515
666 515
467 516
469 516
472 516
476 516
545 517
548 517
551 517
562 517
565 517
568 517
570 517
574 517
577 517
579 517
582 517
553 518
557 518
560 518

line 14 
line parameters = 0.011853257272443313 -0.99992974767832221 571.61181520985099
line points : 
111
82 489
84 490
114 500
114 501
118 502
120 503
968 506
970 506
967 507
157 514
160 515
161 516
162 516
936 516
166 517
932 517
935 517
929 518
927 519
207 527
207 528
212 529
213 529
890 529
216 530
887 530
218 531
219 531
884 531
885 531
224 532
881 532
225 533
875 533
876 533
271 542
274 542
832 542
275 543
277 543
280 543
829 543
283 544
285 544
820 544
824 544
825 544
288 545
816 545
291 546
294 546
814 546
812 547
759 554
763 554
754 555
758 555
356 556
357 556
361 556
749 556
750 556
363 557
366 557
369 557
739 557
743 557
744 557
374 558
375 558
378 558
737 558
381 559
675 563
660 564
665 564
667 564
670 564
672 564
446 565
449 565
450 565
453 565
649 565
653 565
654 565
659 565
458 566
459 566
462 566
466 566
468 566
471 566
644 566
647 566
472 567
475 567
477 567
550 568
554 568
557 568
559 568
561 568
565 568
569 568
572 568
573 568
576 568
579 568
544 569
548 569

line 15 
line parameters = 0.018566948590373694 -0.99982761935247733 204.31717042083707
line points : 
47
458 217
461 217
462 217
562 217
564 217
602 218
605 218
415 219
419 219
440 219
443 219
581 219
583 219
586 219
611 219
626 220
398 221
399 221
627 221
631 221
633 221
652 221
655 221
392 222
395 222
740 228
743 228
291 229
755 231
756 231
760 231
775 232
257 233
792 235
797 236
36 270
34 271
29 272
30 272
28 273
22 274
24 274
20 275
16 276
18 276
14 277
10 278

line 16 
line parameters = 0.011761268320671646 -0.99993083389176929 562.16870145587029
line points : 
79
116 495
117 496
120 497
122 498
968 501
969 501
159 509
162 510
165 510
933 511
931 512
928 513
210 522
215 523
218 524
219 524
884 524
887 524
221 525
222 525
881 525
883 525
878 526
275 535
278 536
279 536
827 536
830 536
281 537
283 537
285 537
824 537
825 537
288 538
291 538
818 538
821 538
758 547
356 548
358 548
751 548
753 548
359 549
362 549
365 549
367 549
743 549
746 549
747 549
369 550
374 550
375 550
668 556
669 556
673 556
449 557
452 557
455 557
456 557
651 557
655 557
659 557
662 557
663 557
457 558
459 558
463 558
465 558
470 558
473 559
550 560
554 560
556 560
560 560
561 560
564 560
569 560
570 560
575 560

line 17 
line parameters = -0.99953549393922247 0.030476160448360042 461.7562820908048
line points : 
69
470 221
470 223
470 226
470 229
470 233
470 235
470 237
471 241
471 245
471 248
471 250
471 252
471 255
471 262
471 264
471 269
471 270
471 273
472 296
475 413
475 414
475 419
475 422
475 423
476 428
476 431
476 432
476 435
476 440
476 441
476 446
476 449
476 451
476 453
477 455
477 456
477 461
477 462
477 467
477 468
477 471
480 521
480 523
480 525
480 530
481 532
481 536
481 538
481 540
481 543
482 548
482 549
482 554
482 555
482 560
482 561
482 564
485 600
485 603
485 606
486 607
486 610
486 614
486 617
486 620
487 623
487 624
487 627
487 631

line 18 
line parameters = -0.012706174720350207 0.9999192733035881 -659.36065566004356
line points : 
90
79 534
105 546
108 547
140 561
142 562
144 562
147 564
943 564
945 564
941 565
182 576
183 576
908 577
187 578
189 579
904 579
193 580
902 580
899 581
234 592
859 593
239 594
856 594
858 594
241 595
243 595
854 595
246 596
850 596
248 597
297 608
801 608
299 609
302 609
798 609
304 610
306 610
794 610
795 610
309 611
312 611
791 611
313 612
733 621
737 621
738 621
728 622
729 622
374 623
377 623
379 623
722 623
725 623
380 624
383 624
386 624
719 624
389 625
390 625
393 625
715 625
651 631
654 631
458 632
461 632
462 632
638 632
640 632
642 632
647 632
649 632
464 633
466 633
469 633
472 633
475 633
477 633
635 633
636 633
480 634
544 636
548 636
549 636
553 636
557 636
560 636
562 636
565 636
567 636
570 636

line 19 
line parameters = 0.9981134191377522 0.061397088995700073 -621.27763872228013
line points : 
64
607 224
607 227
606 231
606 234
606 237
606 248
606 251
606 252
606 255
606 258
606 263
597 413
597 414
596 416
596 418
596 422
596 424
596 427
596 429
595 434
595 436
595 440
595 442
595 446
594 447
594 452
594 453
594 456
594 460
593 461
593 464
593 467
593 469
593 471
588 521
588 524
588 525
588 530
588 531
588 534
587 536
587 539
587 540
586 545
586 547
586 549
586 554
585 557
585 558
585 561
585 564
584 565
581 602
580 605
580 607
580 609
580 612
579 617
579 618
579 621
578 623
578 625
578 627
577 632

line 20 
line parameters = 0.012205191091454624 -0.9999255138811195 650.25959083309806
line points : 
71
108 541
110 543
142 556
144 557
146 558
944 558
941 560
185 572
186 572
187 573
189 573
905 573
906 573
902 574
237 588
858 588
242 589
243 589
854 589
856 589
246 590
851 590
248 591
800 602
299 603
797 603
798 603
302 604
305 604
794 604
308 605
310 605
788 605
312 606
734 615
735 615
726 616
729 616
377 617
378 617
722 617
725 617
383 618
384 618
389 619
390 619
393 619
650 625
652 625
656 625
461 626
464 626
465 626
468 626
638 626
641 626
642 626
645 626
470 627
471 627
474 627
478 627
636 627
548 629
550 629
554 629
556 629
560 629
563 629
564 629
567 629

line 21 
line parameters = 0.97852171825905288 0.20614375298647969 -902.2917864872644
line points : 
69
827 243
826 248
826 251
826 252
826 256
826 259
826 262
825 265
825 268
825 272
825 273
824 275
824 279
823 284
823 286
823 288
822 302
822 305
822 306
821 307
821 309
819 317
819 318
818 319
804 413
804 416
803 418
803 420
802 425
802 426
801 431
800 432
799 436
799 438
798 443
798 444
797 445
797 447
796 451
795 454
795 456
794 457
794 460
776 524
775 527
774 530
774 531
772 536
772 538
771 540
770 542
770 543
768 548
768 550
767 551
754 590
753 592
752 593
752 594
751 598
750 600
749 602
748 604
748 606
745 611
745 612
744 615
743 617
742 618

line 22 
line parameters = 0.98382426957924873 -0.1791362793709238 -159.43607077273043
line points : 
61
250 246
248 260
251 260
249 262
251 264
252 267
252 270
250 277
252 278
267 404
268 407
268 410
268 411
269 416
269 417
270 419
270 422
271 424
271 427
272 429
272 432
273 434
273 437
274 440
274 441
275 444
275 448
276 449
276 450
276 453
277 456
288 502
290 506
290 508
291 510
292 515
293 518
293 519
294 521
294 522
295 527
296 529
296 531
297 532
297 535
298 537
299 540
311 580
312 581
312 582
314 587
314 588
315 589
315 591
317 596
317 597
318 599
319 602
320 604
320 606
321 608

line 23 
line parameters = 0.99406978599144225 0.10874401399124528 -706.18428999771834
line points : 
52
663 413
662 416
662 417
662 420
661 424
661 426
661 429
660 433
660 435
660 440
659 441
659 446
658 449
658 450
658 454
657 458
657 460
657 462
656 464
656 465
656 468
648 521
648 523
647 524
647 525
647 528
646 531
646 535
645 539
645 540
644 542
644 544
643 548
643 549
642 554
642 555
642 558
641 560
641 561
633 602
633 603
632 604
632 607
631 611
631 612
630 617
630 618
629 620
628 623
628 624
628 627
627 630

line 24 
line parameters = 0.98399807466878175 0.17817909262349046 -844.39260454422947
line points : 
62
787 242
787 244
787 247
787 250
787 252
786 263
786 266
786 269
785 278
785 281
766 413
765 416
765 417
764 420
764 425
763 426
762 431
762 433
761 437
761 438
760 442
759 445
759 447
758 449
758 450
758 453
757 456
756 459
756 463
755 464
755 465
744 512
744 514
743 515
743 516
742 521
741 523
741 525
740 527
740 529
738 533
738 534
737 536
736 539
736 541
735 543
734 548
733 551
733 552
721 591
720 594
719 595
719 597
717 601
717 603
716 604
716 606
714 609
712 614
712 616
711 618
710 621

line 25 
line parameters = 0.9901280282037721 0.14016592940265549 -767.67179278520757
line points : 
54
710 413
710 416
709 419
709 421
709 423
708 427
708 429
707 430
707 434
706 436
706 438
706 441
705 446
705 447
704 449
704 451
704 453
703 458
702 461
702 462
702 465
701 467
701 469
691 518
691 520
690 524
690 525
689 527
689 528
688 533
688 535
687 539
687 540
686 542
686 545
685 547
684 551
684 552
683 554
683 555
682 559
672 599
672 600
671 602
671 604
670 607
669 609
668 613
668 615
667 618
666 622
665 623
664 626
663 628

line 26 
line parameters = -0.9979849233688215 0.063451499025063612 395.5651315097096
line points : 
60
417 224
417 225
411 233
411 235
417 235
411 237
417 239
417 240
418 262
418 266
418 267
424 413
424 414
425 419
425 421
425 423
425 426
425 430
426 431
426 432
426 437
426 440
426 442
427 446
427 448
427 451
428 454
428 456
428 461
428 462
429 465
429 469
434 518
434 521
434 523
435 524
435 526
435 528
435 531
436 536
436 537
437 542
437 545
437 546
438 548
438 550
438 553
438 555
439 558
444 599
445 602
445 604
445 607
446 610
446 613
447 615
447 619
447 621
448 626
449 629

line 27 
line parameters = -0.97746262116608262 0.21110856027913952 93.082491539602927
line points : 
67
214 241
214 244
214 247
214 251
214 252
214 255
214 258
215 263
215 264
215 267
216 278
216 281
216 283
216 285
218 302
218 304
219 305
219 306
232 404
233 406
233 408
234 411
234 414
235 419
235 420
236 425
237 427
238 430
238 432
239 435
240 438
241 445
242 447
243 451
243 453
255 497
256 499
256 501
257 506
257 507
258 508
258 510
260 515
260 516
261 518
262 521
263 524
263 527
264 528
265 532
266 535
267 536
268 539
280 575
281 578
281 579
282 581
282 582
284 586
285 587
285 588
287 593
287 594
288 596
288 597
290 602
292 605

line 28 
line parameters = 0.013039809705278724 -0.99991497806706053 459.33964303174668
line points : 
69
38 414
39 414
63 419
64 420
92 425
93 425
94 426
96 427
133 432
135 434
138 434
140 435
141 435
1021 437
185 441
186 441
191 442
192 442
195 443
440 464
443 464
444 464
447 464
452 464
454 464
456 464
461 465
463 465
467 465
554 467
555 467
560 467
563 467
566 467
567 467
570 467
574 467
578 467
579 467
582 467
956 439
953 440
914 445
905 446
907 446
910 446
852 452
857 452
845 453
846 453
850 453
781 458
768 459
773 459
774 459
778 459
780 459
767 460
691 463
668 464
671 464
672 464
677 464
680 464
681 464
685 464
687 464
993 436
992 437

line 29 
line parameters = 0.99944980444053844 0.033167580613750976 -558.75603042947762
line points : 
62
552 221
552 224
552 226
552 228
552 231
552 235
552 238
551 241
551 245
551 248
551 251
551 252
551 257
551 258
551 261
551 274
544 416
544 418
544 422
544 425
544 427
544 429
543 433
543 435
543 439
543 441
543 445
543 448
543 452
543 455
543 456
543 461
543 463
543 465
543 470
543 471
542 521
541 524
541 525
541 528
541 533
541 534
541 539
541 542
541 543
541 548
541 550
541 553
540 555
540 560
540 561
540 565
539 605
539 607
539 610
539 613
539 616
538 620
538 622
538 624
538 628
538 630

line 30 
line parameters = -0.99399353436758719 0.10943881228993817 308.43249194730407
line points : 
49
362 410
362 412
363 415
363 419
363 420
364 425
364 428
365 429
365 434
365 436
366 437
366 439
366 441
367 444
367 447
367 450
368 455
368 456
369 461
369 462
370 465
378 515
379 518
379 521
379 522
380 526
380 528
381 530
381 531
382 536
383 539
383 540
383 543
384 545
384 548
385 551
385 552
386 555
394 595
395 599
396 600
397 605
397 606
398 611
398 612
399 613
399 615
400 618
400 621

line 31 
line parameters = 0.99061924173399674 -0.13665108088252059 -245.46838115515521
line points : 
50
318 407
319 410
319 413
320 416
320 417
320 422
321 424
321 428
322 429
322 432
323 437
323 440
324 442
324 446
325 447
325 451
326 455
326 457
327 458
327 459
338 512
338 513
338 516
339 518
339 519
340 523
341 527
341 528
342 530
342 531
343 536
343 538
344 541
345 543
346 548
347 551
347 552
357 590
358 593
359 596
359 597
360 599
361 602
361 605
362 606
363 611
364 614
364 615
365 618
366 619

line 32 
line parameters = 0.9679756373954872 -0.25104415031782795 -9.1032189573083659
line points : 
58
176 269
176 270
176 273
176 280
177 283
177 286
177 288
193 401
194 404
194 405
195 407
195 410
196 413
196 414
197 419
197 420
198 421
199 425
199 426
200 430
200 432
201 434
201 436
202 439
202 441
203 444
204 446
204 447
216 490
218 494
218 495
219 497
219 500
220 501
221 506
222 508
223 510
224 515
224 516
225 518
226 521
226 522
227 525
228 527
242 565
243 566
244 569
245 570
246 572
247 575
248 578
248 579
249 580
250 583
251 587
252 590
252 591
254 594

line 33 
line parameters = 0.96165364026976785 0.27426679739972865 -1031.6353659043075
line points : 
55
899 260
898 281
896 297
878 410
877 411
876 416
876 417
875 419
875 422
874 425
873 428
873 429
872 431
872 434
871 436
870 439
870 442
869 443
868 446
868 449
867 450
866 455
852 500
852 501
851 503
850 506
850 507
849 510
848 512
847 514
846 516
845 520
844 522
843 526
842 527
842 528
840 533
840 534
839 535
837 539
823 575
822 578
820 581
820 582
819 586
818 587
818 588
816 592
815 593
814 595
814 597
812 599
811 601
810 603
809 604

line 34 
line parameters = 0.9984838943204013 0.055044643542907709 -610.85685095858901
line points : 
51
597 224
597 226
597 229
597 231
597 235
597 237
597 242
597 245
597 247
597 251
597 253
597 255
597 258
597 261
597 272
597 274
596 276
595 329
595 332
595 333
589 422
588 425
588 426
588 429
588 434
588 436
587 437
587 438
587 443
587 444
587 447
586 450
586 455
586 456
586 459
581 527
581 530
581 532
580 535
580 538
580 540
580 543
579 548
579 552
578 554
578 555
574 608
574 610
573 614
573 615
573 618

line 35 
line parameters = -0.0087429894035047223 0.99996177933773545 -410.41057295040707
line points : 
46
128 397
130 397
132 397
177 401
180 401
917 406
920 406
921 406
864 409
867 409
348 410
854 410
856 410
863 410
785 412
788 412
789 412
792 412
440 414
443 414
444 414
447 414
452 414
455 414
458 414
461 414
462 414
674 415
675 415
678 415
681 415
689 415
692 415
693 415
698 415
556 416
560 416
561 416
564 416
568 416
572 416
575 416
576 416
579 416
583 416
585 416

line 36 
line parameters = -0.99882156668561051 0.048533266155313774 411.28400529816707
line points : 
48
427 224
427 225
427 233
427 234
427 239
427 240
427 245
427 246
427 249
427 253
427 256
427 258
427 262
427 266
428 269
428 272
428 273
428 276
428 302
428 305
428 306
429 329
429 330
429 333
432 419
432 420
432 423
432 426
433 431
433 433
433 436
433 439
434 441
434 447
442 528
443 533
443 534
443 537
444 539
444 540
444 544
444 546
444 551
451 605
451 606
452 611
452 614
453 619

line 37 
line parameters = 0.96901759337841742 0.24699170780230642 -975.66810337286859
line points : 
51
848 410
847 413
847 415
846 417
845 420
844 425
844 428
843 429
843 432
842 433
842 436
841 440
840 443
840 444
839 445
839 448
838 450
838 453
837 456
836 458
822 505
821 506
820 509
820 510
819 514
818 515
817 518
817 520
816 522
815 524
815 525
813 530
813 531
812 533
812 534
811 537
810 540
795 578
795 579
794 580
793 584
792 586
791 587
790 589
790 591
788 594
789 594
786 599
786 600
785 601
785 603

line 38 
line parameters = -0.99936754738026434 0.035559882496364201 419.10105482523329
line points : 
20
430 224
430 225
431 233
431 234
431 237
431 242
431 245
431 247
431 250
431 252
431 256
431 258
431 263
431 264
431 268
432 271
432 273
431 304
432 326
432 329

line 39 
line parameters = 0.94845032778364113 0.31692582054339441 -1100.97856609421
line points : 
42
911 405
910 410
909 413
909 414
908 416
908 417
907 422
906 425
906 426
905 427
905 429
904 432
903 437
902 439
902 441
901 445
886 492
884 495
883 499
882 501
881 505
880 507
879 510
878 512
877 515
876 518
876 519
875 521
874 524
873 526
857 565
855 567
854 569
853 572
852 574
851 576
852 576
850 580
848 583
849 583
847 585
845 592

line 40 
line parameters = 0.0092364858234479947 -0.99995734275499637 616.97664019728677
line points : 
38
175 548
176 549
178 549
228 563
229 564
233 565
236 565
237 566
305 582
368 591
371 591
373 592
375 592
379 592
383 593
384 593
656 599
657 599
660 599
644 600
646 600
648 600
652 600
655 600
455 601
458 601
459 601
470 602
473 602
475 602
554 603
555 603
558 603
563 603
564 603
567 603
570 603
551 604

line 41 
line parameters = 0.011547592331628559 -0.99993332433284909 520.56241119328649
line points : 
45
149 478
151 479
153 479
154 480
942 483
200 490
203 490
205 491
208 491
210 492
897 492
893 493
895 493
266 501
267 501
271 502
274 503
278 503
280 503
837 503
281 504
831 504
348 512
766 512
768 512
353 513
761 513
762 513
765 513
365 514
367 514
671 520
674 520
676 520
678 520
452 521
455 521
456 521
461 521
462 521
464 522
465 522
470 522
572 524
573 524

line 42 
line parameters = -0.96056514601387888 0.27805503099806622 -54.560389532453719
line points : 
46
167 401
167 402
168 404
168 405
169 410
169 411
170 416
171 418
171 420
173 425
173 426
174 430
175 433
175 435
176 439
177 440
178 443
190 488
191 490
191 492
192 493
193 497
193 498
194 501
195 502
196 506
196 507
198 512
199 513
200 517
202 521
203 524
203 525
218 563
218 565
219 566
219 568
220 570
222 573
223 576
224 579
225 581
226 583
227 585
228 587
230 589

line 43 
line parameters = 0.9405396844772359 0.33968382640841366 -1152.5328799250155
line points : 
47
933 407
933 408
932 410
931 413
931 414
930 417
930 420
929 422
929 424
928 427
927 430
926 432
925 437
925 438
924 441
923 442
922 445
908 491
907 494
906 495
905 500
904 502
903 505
902 506
902 508
900 512
900 513
899 514
898 518
897 519
896 521
896 522
894 526
879 563
878 566
876 568
875 570
876 570
874 574
873 576
872 577
871 581
870 582
869 583
868 586
866 588
867 588

line 44 
line parameters = 0.93626541069316205 -0.3512934396477746 201.88250284953591
line points : 
45
117 395
117 397
118 401
118 404
119 406
119 408
120 410
121 413
121 414
122 419
123 420
124 425
124 426
125 430
126 431
126 432
127 436
139 476
140 479
140 480
141 481
142 485
143 487
143 489
144 490
145 494
146 496
147 498
148 502
149 505
150 506
150 507
152 511
166 548
167 550
168 551
168 552
170 557
171 558
173 563
173 564
174 566
175 568
176 570
178 572

line 45 
line parameters = 0.99967476478733308 -0.025502247888966427 -458.12967672635727
line points : 
39
466 221
466 223
466 226
466 233
466 234
466 238
466 240
466 248
466 250
466 253
467 296
467 298
467 307
467 309
469 419
469 422
469 423
469 426
469 429
469 434
470 437
470 438
470 443
470 445
470 447
473 527
474 529
474 533
474 536
474 537
475 541
475 545
476 553
480 605
480 608
480 611
480 613
481 615
481 618

line 46 
line parameters = -0.99964819084657075 0.026523471439049699 438.68612466726313
line points : 
47
445 224
448 224
445 225
448 225
448 230
445 233
449 233
445 234
449 234
449 237
449 242
445 245
449 245
445 246
449 246
445 251
449 251
449 252
445 253
449 256
445 257
445 258
449 258
446 261
449 261
446 264
449 264
449 269
449 270
446 273
449 273
451 299
451 302
451 303
452 317
449 422
449 423
449 428
449 429
449 432
450 435
450 439
450 442
450 444
464 608
465 613
465 615
